0.000
0.224
0.438
0.628
0.787
0.905
0.978
1.000
0.971
0.893
0.769
0.606
0.412
0.197
-0.028
-0.252
-0.463
-0.650
-0.804
-0.917
-0.983
-0.999
-0.964
-0.880
-0.751
-0.583
-0.386
-0.169
0.057
0.279
0.488
0.671
0.821
0.928
0.988
0.997
0.956
0.866
0.732
0.560
0.360
0.141
-0.085
-0.306
-0.512
-0.692
-0.836
-0.938
-0.992
-0.995
-0.947
-0.852
-0.712
-0.536
-0.333
-0.113
0.113
0.333
0.536
0.712
0.852
0.947
0.995
0.992
0.938
0.836
0.692
0.512
0.306
0.085
-0.141
-0.360
-0.560
-0.732
-0.866
-0.956
-0.997
-0.988
-0.928
-0.821
-0.671
-0.488
-0.279
-0.057
0.169
0.386
0.583
0.751
0.880
0.964
0.999
0.983
0.917
0.804
0.650
0.463
0.252
0.028
-0.197
-0.412
-0.606
-0.769
-0.893
-0.971
-1.000
-0.978
-0.905
-0.787
-0.628
-0.438
-0.224
-0.000
